03/01/08,15:05:04,0012,0011,0130,0000,0000,0001,00000,0000,0002,0
03/01/08,15:08:47,0012,0011,0130,0000,0000,0001,00000,0000,0002,0
03/01/08,15:08:48,0012,0099,0130,0000,0000,0001,00000,0000,0003,0
03/01/08,15:08:49,0012,0011,0130,0000,0000,0001,00000,0000,0004,0
03/01/08,15:08:49,0012,0099,0130,0000,0000,0001,00000,0000,0005,0
03/01/08,15:08:50,0012,0099,0130,0000,0000,0001,00000,0000,0006,0
03/01/08,15:08:51,0012,0099,0130,0000,0000,0001,00000,0000,0007,0
03/01/08,15:08:52,0012,0099,0130,0000,0000,0001,00000,0000,0008,0
03/01/08,15:08:53,0012,0099,0130,0000,0000,0001,00000,0000,0009,0
03/01/08,15:08:54,0012,0099,0130,0000,0000,0001,00000,0000,0010,0
03/01/08,15:08:55,0012,0099,0130,0000,0000,0001,00000,0000,0011,0
03/01/08,15:08:56,0012,0099,0130,0000,0000,0001,00000,0000,0012,0
03/01/08,15:08:56,0012,0099,0130,0000,0000,0001,00000,0000,0013,0
03/01/08,15:08:58,0012,0099,0130,0000,0000,0001,00000,0000,0014,0
03/01/08,15:08:59,0012,0099,0130,0000,0000,0001,00000,0000,0015,0
03/01/08,15:09:00,0012,0099,0130,0000,0000,0001,00000,0000,0016,0
03/01/08,15:09:00,0012,0099,0130,0000,0000,0001,00000,0000,0017,0
03/01/08,15:09:01,0012,0099,0130,0000,0000,0001,00000,0000,0018,0
03/01/08,15:09:01,0012,0099,0130,0000,0000,0001,00000,0000,0019,0
03/01/08,15:09:02,0012,0099,0130,0000,0000,0001,00000,0000,0020,0
03/01/08,15:09:02,0012,0099,0130,0000,0000,0001,00000,0000,0021,0
03/01/08,15:09:03,0012,0099,0130,0000,0000,0001,00000,0000,0022,0
03/01/08,15:09:05,0012,0099,0130,0000,0000,0001,00000,0000,0023,0
03/01/08,15:09:05,0012,0099,0130,0000,0000,0001,00000,0000,0024,0
03/01/08,15:09:06,0012,0099,0130,0000,0000,0001,00000,0000,0025,0
03/01/08,15:09:07,0012,0099,0130,0000,0000,0001,00000,0000,0026,0
03/01/08,15:09:08,0012,0099,0130,0000,0000,0001,00000,0000,0027,0
03/01/08,15:09:08,0012,0099,0130,0000,0000,0001,00000,0000,0028,0
03/01/08,15:09:09,0012,0099,0130,0000,0000,0001,00000,0000,0029,0
03/01/08,15:09:10,0012,0099,0130,0000,0000,0001,00000,0000,0030,0
03/01/08,15:09:12,0012,0099,0130,0000,0000,0001,00000,0000,0031,0
03/01/08,15:09:12,0012,0099,0130,0000,0000,0001,00000,0000,0032,0
03/01/08,15:09:13,0012,0099,0130,0000,0000,0001,00000,0000,0033,0
03/01/08,15:09:14,0012,0099,0130,0000,0000,0001,00000,0000,0034,0
03/01/08,15:09:15,0012,0099,0130,0000,0000,0001,00000,0000,0035,0
03/01/08,15:09:16,0012,0099,0130,0000,0000,0001,00000,0000,0036,0
03/01/08,15:09:16,0012,0099,0130,0000,0000,0001,00000,0000,0037,0
03/01/08,15:09:17,0012,0099,0130,0000,0000,0001,00000,0000,0038,0
03/01/08,15:09:17,0012,0099,0130,0000,0000,0001,00000,0000,0039,0
03/01/08,15:09:18,0012,0099,0130,0000,0000,0001,00000,0000,0040,0
03/01/08,15:09:19,0012,0099,0130,0000,0000,0001,00000,0000,0041,0
03/01/08,15:09:20,0012,0099,0130,0000,0000,0001,00000,0000,0042,0
03/01/08,15:09:20,0012,0099,0130,0000,0000,0001,00000,0000,0043,0
03/01/08,15:09:21,0012,0099,0130,0000,0000,0001,00000,0000,0044,0
03/01/08,15:09:22,0012,0099,0130,0000,0000,0001,00000,0000,0045,0
03/01/08,15:09:23,0012,0099,0130,0000,0000,0001,00000,0000,0046,0
03/01/08,15:09:23,0012,0099,0130,0000,0000,0001,00000,0000,0047,0
03/01/08,15:09:24,0012,0099,0130,0000,0000,0001,00000,0000,0048,0
03/01/08,15:09:25,0012,0099,0130,0000,0000,0001,00000,0000,0049,0
03/01/08,15:09:26,0012,0099,0130,0000,0000,0001,00000,0000,0050,0
03/01/08,15:09:26,0012,0099,0130,0000,0000,0001,00000,0000,0051,0
03/01/08,15:09:27,0012,0099,0130,0000,0000,0001,00000,0000,0052,0
03/01/08,15:09:27,0012,0099,0130,0000,0000,0001,00000,0000,0053,0
03/01/08,15:09:28,0012,0099,0130,0000,0000,0001,00000,0000,0054,0
03/01/08,15:09:29,0012,0099,0130,0000,0000,0001,00000,0000,0055,0
03/01/08,15:09:30,0012,0099,0130,0000,0000,0001,00000,0000,0056,0
03/01/08,15:09:30,0012,0099,0130,0000,0000,0001,00000,0000,0057,0
03/01/08,15:09:31,0012,0099,0130,0000,0000,0001,00000,0000,0058,0
03/01/08,15:09:32,0012,0099,0130,0000,0000,0001,00000,0000,0059,0
03/01/08,15:09:33,0012,0099,0130,0000,0000,0001,00000,0000,0060,0
03/01/08,15:09:34,0012,0099,0130,0000,0000,0001,00000,0000,0061,0
03/01/08,15:09:35,0012,0099,0130,0000,0000,0001,00000,0000,0062,0
03/01/08,15:09:36,0012,0099,0130,0000,0000,0001,00000,0000,0063,0
03/01/08,15:09:37,0012,0099,0130,0000,0000,0001,00000,0000,0064,0
03/01/08,15:09:38,0012,0099,0130,0000,0000,0001,00000,0000,0065,0
03/01/08,15:09:39,0012,0099,0130,0000,0000,0001,00000,0000,0066,0
03/01/08,15:09:40,0012,0099,0130,0000,0000,0001,00000,0000,0067,0
03/01/08,15:09:41,0012,0099,0130,0000,0000,0001,00000,0000,0068,0
03/01/08,15:09:41,0012,0099,0130,0000,0000,0001,00000,0000,0069,0
03/01/08,15:09:42,0012,0099,0130,0000,0000,0001,00000,0000,0070,0
03/01/08,15:09:42,0012,0099,0130,0000,0000,0001,00000,0000,0071,0
03/01/08,15:09:43,0012,0099,0130,0000,0000,0001,00000,0000,0072,0
03/01/08,15:09:44,0012,0099,0130,0000,0000,0001,00000,0000,0073,0
03/01/08,15:09:45,0012,0099,0130,0000,0000,0001,00000,0000,0074,0
03/01/08,15:09:45,0012,0099,0130,0000,0000,0001,00000,0000,0075,0
03/01/08,15:09:46,0012,0099,0130,0000,0000,0001,00000,0000,0076,0
03/01/08,15:09:47,0012,0099,0130,0000,0000,0001,00000,0000,0077,0
03/01/08,15:09:48,0012,0099,0130,0000,0000,0001,00000,0000,0078,0
03/01/08,15:09:49,0012,0099,0130,0000,0000,0001,00000,0000,0079,0
03/01/08,15:09:49,0012,0099,0130,0000,0000,0001,00000,0000,0080,0
03/01/08,15:09:50,0012,0099,0130,0000,0000,0001,00000,0000,0081,0
03/01/08,15:09:50,0012,0099,0130,0000,0000,0001,00000,0000,0082,0
03/01/08,15:09:51,0012,0099,0130,0000,0000,0001,00000,0000,0083,0
03/01/08,15:09:52,0012,0099,0130,0000,0000,0001,00000,0000,0084,0
03/01/08,15:09:52,0012,0099,0130,0000,0000,0001,00000,0000,0085,0
03/01/08,15:09:53,0012,0099,0130,0000,0000,0001,00000,0000,0086,0
03/01/08,15:09:53,0012,0099,0130,0000,0000,0001,00000,0000,0087,0
03/01/08,15:09:54,0012,0099,0130,0000,0000,0001,00000,0000,0088,0
03/01/08,15:09:55,0012,0099,0130,0000,0000,0001,00000,0000,0089,0
03/01/08,15:09:56,0012,0099,0130,0000,0000,0001,00000,0000,0090,0
03/01/08,15:09:56,0012,0099,0130,0000,0000,0001,00000,0000,0091,0
03/01/08,15:09:58,0012,0099,0130,0000,0000,0001,00000,0000,0092,0
03/01/08,15:09:59,0012,0099,0130,0000,0000,0001,00000,0000,0093,0
03/01/08,15:09:59,0012,0099,0130,0000,0000,0001,00000,0000,0094,0
03/01/08,15:10:00,0012,0099,0130,0000,0000,0001,00000,0000,0095,0
03/01/08,15:10:01,0012,0099,0130,0000,0000,0001,00000,0000,0096,0
03/01/08,15:10:02,0012,0099,0130,0000,0000,0001,00000,0000,0097,0
03/01/08,15:10:03,0012,0099,0130,0000,0000,0001,00000,0000,0098,0
03/01/08,15:10:04,0012,0099,0130,0000,0000,0001,00000,0000,0099,0
03/01/08,15:10:05,0012,0099,0130,0000,0000,0001,00000,0000,0100,0
03/01/08,15:10:06,0012,0099,0130,0000,0000,0001,00000,0000,0101,0
03/01/08,15:10:07,0012,0099,0130,0000,0000,0001,00000,0000,0102,0
03/01/08,15:10:07,0012,0099,0130,0000,0000,0001,00000,0000,0103,0
03/01/08,15:10:08,0012,0099,0130,0000,0000,0001,00000,0000,0104,0
03/01/08,15:10:08,0012,0099,0130,0000,0000,0001,00000,0000,0105,0
03/01/08,15:10:09,0012,0099,0130,0000,0000,0001,00000,0000,0106,0
03/01/08,15:10:10,0012,0099,0130,0000,0000,0001,00000,0000,0107,0
03/01/08,15:10:11,0012,0099,0130,0000,0000,0001,00000,0000,0108,0
03/01/08,15:10:11,0012,0099,0130,0000,0000,0001,00000,0000,0109,0
03/01/08,15:10:12,0012,0099,0130,0000,0000,0001,00000,0000,0110,0
03/01/08,15:10:13,0012,0099,0130,0000,0000,0001,00000,0000,0111,0
03/01/08,15:10:14,0012,0099,0130,0000,0000,0001,00000,0000,0112,0
03/01/08,15:10:15,0012,0099,0130,0000,0000,0001,00000,0000,0113,0
03/01/08,15:10:15,0012,0099,0130,0000,0000,0001,00000,0000,0114,0
03/01/08,15:10:16,0012,0099,0130,0000,0000,0001,00000,0000,0115,0
03/01/08,15:10:17,0012,0099,0130,0000,0000,0001,00000,0000,0116,0
03/01/08,15:10:18,0012,0099,0130,0000,0000,0001,00000,0000,0117,0
03/01/08,15:10:19,0012,0099,0130,0000,0000,0001,00000,0000,0118,0
03/01/08,15:10:20,0012,0099,0130,0000,0000,0001,00000,0000,0119,0
03/01/08,15:10:20,0012,0099,0130,0000,0000,0001,00000,0000,0120,0
03/01/08,15:10:21,0012,0099,0130,0000,0000,0001,00000,0000,0121,0
03/01/08,15:10:22,0012,0099,0130,0000,0000,0001,00000,0000,0122,0
03/01/08,15:10:23,0012,0099,0130,0000,0000,0001,00000,0000,0123,0
03/01/08,15:10:23,0012,0099,0130,0000,0000,0001,00000,0000,0124,0
03/01/08,15:10:24,0012,0099,0130,0000,0000,0001,00000,0000,0125,0
03/01/08,15:10:24,0012,0099,0130,0000,0000,0001,00000,0000,0126,0
03/01/08,15:10:25,0012,0099,0130,0000,0000,0001,00000,0000,0127,0
03/01/08,15:10:26,0012,0099,0130,0000,0000,0001,00000,0000,0128,0
03/01/08,15:10:26,0012,0099,0130,0000,0000,0001,00000,0000,0129,0
03/01/08,15:10:27,0012,0099,0130,0000,0000,0001,00000,0000,0130,0
03/01/08,15:10:28,0012,0099,0130,0000,0000,0001,00000,0000,0131,0
03/01/08,15:10:29,0012,0099,0130,0000,0000,0001,00000,0000,0132,0
03/01/08,15:10:30,0012,0099,0130,0000,0000,0001,00000,0000,0133,0
03/01/08,15:10:31,0012,0099,0130,0000,0000,0001,00000,0000,0134,0
03/01/08,15:10:32,0012,0099,0130,0000,0000,0001,00000,0000,0135,0
03/01/08,15:10:33,0012,0099,0130,0000,0000,0001,00000,0000,0136,0
03/01/08,15:10:33,0012,0099,0130,0000,0000,0001,00000,0000,0137,0
03/01/08,15:10:34,0012,0099,0130,0000,0000,0001,00000,0000,0138,0
03/01/08,15:10:34,0012,0099,0130,0000,0000,0001,00000,0000,0139,0
03/01/08,15:10:35,0012,0099,0130,0000,0000,0001,00000,0000,0140,0
03/01/08,15:10:36,0012,0099,0130,0000,0000,0001,00000,0000,0141,0
03/01/08,15:10:37,0012,0099,0130,0000,0000,0001,00000,0000,0142,0
03/01/08,15:10:37,0012,0099,0130,0000,0000,0001,00000,0000,0143,0
03/01/08,15:10:38,0012,0099,0130,0000,0000,0001,00000,0000,0144,0
03/01/08,15:10:39,0012,0099,0130,0000,0000,0001,00000,0000,0145,0
03/01/08,15:10:40,0012,0099,0130,0000,0000,0001,00000,0000,0146,0
03/01/08,15:10:41,0012,0099,0130,0000,0000,0001,00000,0000,0147,0
03/01/08,15:10:41,0012,0099,0130,0000,0000,0001,00000,0000,0148,0
03/01/08,15:10:42,0012,0099,0130,0000,0000,0001,00000,0000,0149,0
03/01/08,15:10:42,0012,0099,0130,0000,0000,0001,00000,0000,0150,0
03/01/08,15:10:43,0012,0099,0130,0000,0000,0001,00000,0000,0151,0
03/01/08,15:10:43,0012,0099,0130,0000,0000,0001,00000,0000,0152,0
03/01/08,15:10:44,0012,0099,0130,0000,0000,0001,00000,0000,0153,0
03/01/08,15:10:45,0012,0099,0130,0000,0000,0001,00000,0000,0154,0
03/01/08,15:10:46,0012,0099,0130,0000,0000,0001,00000,0000,0155,0
03/01/08,15:10:47,0012,0099,0130,0000,0000,0001,00000,0000,0156,0
03/01/08,15:10:47,0012,0099,0130,0000,0000,0001,00000,0000,0157,0
03/01/08,15:10:48,0012,0099,0130,0000,0000,0001,00000,0000,0158,0
03/01/08,15:10:49,0012,0099,0130,0000,0000,0001,00000,0000,0159,0
03/01/08,15:10:50,0012,0099,0130,0000,0000,0001,00000,0000,0160,0
03/01/08,15:10:51,0012,0099,0130,0000,0000,0001,00000,0000,0161,0
03/01/08,15:10:52,0012,0099,0130,0000,0000,0001,00000,0000,0162,0
03/01/08,15:10:53,0012,0099,0130,0000,0000,0001,00000,0000,0163,0
03/01/08,15:10:53,0012,0099,0130,0000,0000,0001,00000,0000,0164,0
03/01/08,15:10:54,0012,0099,0130,0000,0000,0001,00000,0000,0165,0
03/01/08,15:10:55,0012,0099,0130,0000,0000,0001,00000,0000,0166,0
03/01/08,15:10:55,0012,0099,0130,0000,0000,0001,00000,0000,0167,0
03/01/08,15:10:56,0012,0099,0130,0000,0000,0001,00000,0000,0168,0
03/01/08,15:10:57,0012,0099,0130,0000,0000,0001,00000,0000,0169,0
03/01/08,15:10:58,0012,0099,0130,0000,0000,0001,00000,0000,0170,0
03/01/08,15:10:58,0012,0099,0130,0000,0000,0001,00000,0000,0171,0
03/01/08,15:10:59,0012,0099,0130,0000,0000,0001,00000,0000,0172,0
03/01/08,15:11:00,0012,0099,0130,0000,0000,0001,00000,0000,0173,0
03/01/08,15:11:01,0012,0099,0130,0000,0000,0001,00000,0000,0174,0
03/01/08,15:11:02,0012,0099,0130,0000,0000,0001,00000,0000,0175,0
03/01/08,15:11:02,0012,0099,0130,0000,0000,0001,00000,0000,0176,0
03/01/08,15:11:03,0012,0099,0130,0000,0000,0001,00000,0000,0177,0
03/01/08,15:11:04,0012,0099,0130,0000,0000,0001,00000,0000,0178,0
03/01/08,15:11:05,0012,0099,0130,0000,0000,0001,00000,0000,0179,0
03/01/08,15:11:06,0012,0099,0130,0000,0000,0001,00000,0000,0180,0
03/01/08,15:11:07,0012,0099,0130,0000,0000,0001,00000,0000,0181,0
03/01/08,15:11:07,0012,0099,0130,0000,0000,0001,00000,0000,0182,0
03/01/08,15:11:08,0012,0099,0130,0000,0000,0001,00000,0000,0183,0
03/01/08,15:11:08,0012,0099,0130,0000,0000,0001,00000,0000,0184,0
03/01/08,15:11:09,0012,0099,0130,0000,0000,0001,00000,0000,0185,0
03/01/08,15:11:10,0012,0099,0130,0000,0000,0001,00000,0000,0186,0
03/01/08,15:11:11,0012,0099,0130,0000,0000,0001,00000,0000,0187,0
03/01/08,15:11:11,0012,0099,0130,0000,0000,0001,00000,0000,0188,0
03/01/08,15:11:12,0012,0099,0130,0000,0000,0001,00000,0000,0189,0
03/01/08,15:11:13,0012,0099,0130,0000,0000,0001,00000,0000,0190,0
03/01/08,15:11:14,0012,0099,0130,0000,0000,0001,00000,0000,0191,0
03/01/08,15:11:15,0012,0099,0130,0000,0000,0001,00000,0000,0192,0
03/01/08,15:11:15,0012,0099,0130,0000,0000,0001,00000,0000,0193,0
03/01/08,15:11:16,0012,0099,0130,0000,0000,0001,00000,0000,0194,0
03/01/08,15:11:17,0012,0099,0130,0000,0000,0001,00000,0000,0195,0
03/01/08,15:11:18,0012,0099,0130,0000,0000,0001,00000,0000,0196,0
03/01/08,15:11:19,0012,0099,0130,0000,0000,0001,00000,0000,0197,0
03/01/08,15:11:20,0012,0099,0130,0000,0000,0001,00000,0000,0198,0
03/01/08,15:11:20,0012,0099,0130,0000,0000,0001,00000,0000,0199,0
03/01/08,15:11:21,0012,0099,0130,0000,0000,0001,00000,0000,0200,0
03/01/08,15:11:21,0012,0099,0130,0000,0000,0001,00000,0000,0201,0
03/01/08,15:11:22,0012,0099,0130,0000,0000,0001,00000,0000,0202,0
03/01/08,15:11:23,0012,0099,0130,0000,0000,0001,00000,0000,0203,0
03/01/08,15:11:24,0012,0099,0130,0000,0000,0001,00000,0000,0204,0
03/01/08,15:11:25,0012,0099,0130,0000,0000,0001,00000,0000,0205,0
03/01/08,15:11:26,0012,0099,0130,0000,0000,0001,00000,0000,0206,0
03/01/08,15:11:27,0012,0099,0130,0000,0000,0001,00000,0000,0207,0
03/01/08,15:11:27,0012,0099,0130,0000,0000,0001,00000,0000,0208,0
03/01/08,15:11:28,0012,0099,0130,0000,0000,0001,00000,0000,0209,0
03/01/08,15:11:28,0012,0099,0130,0000,0000,0001,00000,0000,0210,0
03/01/08,15:11:29,0012,0099,0130,0000,0000,0001,00000,0000,0211,0
03/01/08,15:11:30,0012,0099,0130,0000,0000,0001,00000,0000,0212,0
03/01/08,15:11:31,0012,0099,0130,0000,0000,0001,00000,0000,0213,0
03/01/08,15:11:32,0012,0099,0130,0000,0000,0001,00000,0000,0214,0
03/01/08,15:11:32,0012,0099,0130,0000,0000,0001,00000,0000,0215,0
03/01/08,15:11:33,0012,0099,0130,0000,0000,0001,00000,0000,0216,0
03/01/08,15:11:34,0012,0099,0130,0000,0000,0001,00000,0000,0217,0
03/01/08,15:11:34,0012,0099,0130,0000,0000,0001,00000,0000,0218,0
03/01/08,15:11:35,0012,0099,0130,0000,0000,0001,00000,0000,0219,0
03/01/08,15:11:35,0012,0099,0130,0000,0000,0001,00000,0000,0220,0
03/01/08,15:11:36,0012,0099,0130,0000,0000,0001,00000,0000,0221,0
03/01/08,15:11:37,0012,0099,0130,0000,0000,0001,00000,0000,0222,0
03/01/08,15:11:37,0012,0099,0130,0000,0000,0001,00000,0000,0223,0
03/01/08,15:11:39,0012,0099,0130,0000,0000,0001,00000,0000,0224,0
03/01/08,15:11:40,0012,0099,0130,0000,0000,0001,00000,0000,0225,0
03/01/08,15:11:41,0012,0099,0130,0000,0000,0001,00000,0000,0226,0
03/01/08,15:11:41,0012,0099,0130,0000,0000,0001,00000,0000,0227,0
03/01/08,15:11:42,0012,0099,0130,0000,0000,0001,00000,0000,0228,0
03/01/08,15:11:43,0012,0099,0130,0000,0000,0001,00000,0000,0229,0
03/01/08,15:11:44,0012,0099,0130,0000,0000,0001,00000,0000,0230,0
03/01/08,15:11:45,0012,0099,0130,0000,0000,0001,00000,0000,0231,0
03/01/08,15:11:45,0012,0099,0130,0000,0000,0001,00000,0000,0232,0
03/01/08,15:11:46,0012,0099,0130,0000,0000,0001,00000,0000,0233,0
03/01/08,15:11:47,0012,0099,0130,0000,0000,0001,00000,0000,0234,0
03/01/08,15:11:47,0012,0099,0130,0000,0000,0001,00000,0000,0235,0
03/01/08,15:11:48,0012,0099,0130,0000,0000,0001,00000,0000,0236,0
03/01/08,15:11:48,0012,0099,0130,0000,0000,0001,00000,0000,0237,0
03/01/08,15:11:49,0012,0099,0130,0000,0000,0001,00000,0000,0238,0
03/01/08,15:11:50,0012,0099,0130,0000,0000,0001,00000,0000,0239,0
03/01/08,15:11:50,0012,0099,0130,0000,0000,0001,00000,0000,0240,0
03/01/08,15:11:51,0012,0099,0130,0000,0000,0001,00000,0000,0241,0
03/01/08,15:11:52,0012,0099,0130,0000,0000,0001,00000,0000,0242,0
03/01/08,15:11:53,0012,0099,0130,0000,0000,0001,00000,0000,0243,0
03/01/08,15:11:54,0012,0099,0130,0000,0000,0001,00000,0000,0244,0
03/01/08,15:11:55,0012,0099,0130,0000,0000,0001,00000,0000,0245,0
03/01/08,15:11:56,0012,0099,0130,0000,0000,0001,00000,0000,0246,0
03/01/08,15:11:57,0012,0099,0130,0000,0000,0001,00000,0000,0247,0
03/01/08,15:11:57,0012,0099,0130,0000,0000,0001,00000,0000,0248,0
03/01/08,15:11:59,0012,0099,0130,0000,0000,0001,00000,0000,0249,0
03/01/08,15:11:59,0012,0099,0130,0000,0000,0001,00000,0000,0250,0
03/01/08,15:12:00,0012,0099,0130,0000,0000,0001,00000,0000,0251,0
03/01/08,15:12:00,0012,0099,0130,0000,0000,0001,00000,0000,0252,0
03/01/08,15:12:01,0012,0099,0130,0000,0000,0001,00000,0000,0253,0
03/01/08,15:12:01,0012,0099,0130,0000,0000,0001,00000,0000,0254,0
03/01/08,15:12:02,0012,0099,0130,0000,0000,0001,00000,0000,0255,0
03/01/08,15:12:03,0012,0099,0130,0000,0000,0001,00000,0000,0256,0
03/01/08,15:12:04,0012,0099,0130,0000,0000,0001,00000,0000,0257,0
03/01/08,15:12:04,0012,0099,0130,0000,0000,0001,00000,0000,0258,0
03/01/08,15:12:05,0012,0099,0130,0000,0000,0001,00000,0000,0259,0
03/01/08,15:12:06,0012,0099,0130,0000,0000,0001,00000,0000,0260,0
03/01/08,15:12:07,0012,0099,0130,0000,0000,0001,00000,0000,0261,0
03/01/08,15:12:08,0012,0099,0130,0000,0000,0001,00000,0000,0262,0
03/01/08,15:12:09,0012,0099,0130,0000,0000,0001,00000,0000,0263,0
03/01/08,15:12:10,0012,0099,0130,0000,0000,0001,00000,0000,0264,0
03/01/08,15:12:10,0012,0099,0130,0000,0000,0001,00000,0000,0265,0
03/01/08,15:12:11,0012,0099,0130,0000,0000,0001,00000,0000,0266,0
03/01/08,15:12:12,0012,0099,0130,0000,0000,0001,00000,0000,0267,0
03/01/08,15:12:13,0012,0099,0130,0000,0000,0001,00000,0000,0268,0
03/01/08,15:12:13,0012,0099,0130,0000,0000,0001,00000,0000,0269,0
03/01/08,15:12:14,0012,0099,0130,0000,0000,0001,00000,0000,0270,0
03/01/08,15:12:14,0012,0099,0130,0000,0000,0001,00000,0000,0271,0
03/01/08,15:12:15,0012,0099,0130,0000,0000,0001,00000,0000,0272,0
03/01/08,15:12:16,0012,0099,0130,0000,0000,0001,00000,0000,0273,0
03/01/08,15:12:17,0012,0099,0130,0000,0000,0001,00000,0000,0274,0
03/01/08,15:12:17,0012,0099,0130,0000,0000,0001,00000,0000,0275,0
03/01/08,15:12:18,0012,0099,0130,0000,0000,0001,00000,0000,0276,0
03/01/08,15:12:19,0012,0099,0130,0000,0000,0001,00000,0000,0277,0
03/01/08,15:12:21,0012,0099,0130,0000,0000,0001,00000,0000,0278,0
03/01/08,15:12:22,0012,0099,0130,0000,0000,0001,00000,0000,0279,0
03/01/08,15:12:23,0012,0099,0130,0000,0000,0001,00000,0000,0280,0
03/01/08,15:12:24,0012,0099,0130,0000,0000,0001,00000,0000,0281,0
03/01/08,15:12:25,0012,0099,0130,0000,0000,0001,00000,0000,0282,0
03/01/08,15:12:26,0012,0099,0130,0000,0000,0001,00000,0000,0283,0
03/01/08,15:12:27,0012,0099,0130,0000,0000,0001,00000,0000,0284,0
03/01/08,15:12:27,0012,0099,0130,0000,0000,0001,00000,0000,0285,0
03/01/08,15:12:28,0012,0099,0130,0000,0000,0001,00000,0000,0286,0
03/01/08,15:12:28,0012,0099,0130,0000,0000,0001,00000,0000,0287,0
03/01/08,15:12:29,0012,0099,0130,0000,0000,0001,00000,0000,0288,0
03/01/08,15:12:31,0012,0099,0130,0000,0000,0001,00000,0000,0289,0
03/01/08,15:12:32,0012,0099,0130,0000,0000,0001,00000,0000,0290,0
03/01/08,15:12:32,0012,0099,0130,0000,0000,0001,00000,0000,0291,0
03/01/08,15:12:33,0012,0099,0130,0000,0000,0001,00000,0000,0292,0
03/01/08,15:12:33,0012,0099,0130,0000,0000,0001,00000,0000,0293,0
03/01/08,15:12:35,0012,0099,0130,0000,0000,0001,00000,0000,0294,0
03/01/08,15:12:35,0012,0099,0130,0000,0000,0001,00000,0000,0295,0
03/01/08,15:12:36,0012,0099,0130,0000,0000,0001,00000,0000,0296,0
03/01/08,15:12:37,0012,0099,0130,0000,0000,0001,00000,0000,0297,0
03/01/08,15:12:38,0012,0099,0130,0000,0000,0001,00000,0000,0298,0
03/01/08,15:12:38,0012,0099,0130,0000,0000,0001,00000,0000,0299,0
03/01/08,15:12:39,0012,0099,0130,0000,0000,0001,00000,0000,0300,0
03/01/08,15:12:39,0012,0099,0130,0000,0000,0001,00000,0000,0301,0
03/01/08,15:12:40,0012,0099,0130,0000,0000,0001,00000,0000,0302,0
03/01/08,15:12:41,0012,0099,0130,0000,0000,0001,00000,0000,0303,0
03/01/08,15:12:42,0012,0099,0130,0000,0000,0001,00000,0000,0304,0
03/01/08,15:12:43,0012,0099,0130,0000,0000,0001,00000,0000,0305,0
03/01/08,15:12:44,0012,0099,0130,0000,0000,0001,00000,0000,0306,0
03/01/08,15:12:45,0012,0099,0130,0000,0000,0001,00000,0000,0307,0
03/01/08,15:12:45,0012,0099,0130,0000,0000,0001,00000,0000,0308,0
03/01/08,15:12:46,0012,0099,0130,0000,0000,0001,00000,0000,0309,0
03/01/08,15:12:47,0012,0099,0130,0000,0000,0001,00000,0000,0310,0
03/01/08,15:12:48,0012,0099,0130,0000,0000,0001,00000,0000,0311,0
03/01/08,15:12:49,0012,0099,0130,0000,0000,0001,00000,0000,0312,0
03/01/08,15:12:49,0012,0099,0130,0000,0000,0001,00000,0000,0313,0
03/01/08,15:12:51,0012,0099,0130,0000,0000,0001,00000,0000,0314,0
03/01/08,15:12:52,0012,0099,0130,0000,0000,0001,00000,0000,0315,0
03/01/08,15:12:53,0012,0099,0130,0000,0000,0001,00000,0000,0316,0
03/01/08,15:12:53,0012,0099,0130,0000,0000,0001,00000,0000,0317,0
03/01/08,15:12:54,0012,0099,0130,0000,0000,0001,00000,0000,0318,0
03/01/08,15:12:55,0012,0099,0130,0000,0000,0001,00000,0000,0319,0
03/01/08,15:12:56,0012,0099,0130,0000,0000,0001,00000,0000,0320,0
03/01/08,15:12:57,0012,0099,0130,0000,0000,0001,00000,0000,0321,0
03/01/08,15:12:58,0012,0099,0130,0000,0000,0001,00000,0000,0322,0
03/01/08,15:12:59,0012,0099,0130,0000,0000,0001,00000,0000,0323,0
03/01/08,15:13:00,0012,0099,0130,0000,0000,0001,00000,0000,0324,0
03/01/08,15:13:00,0012,0099,0130,0000,0000,0001,00000,0000,0325,0
03/01/08,15:13:01,0012,0099,0130,0000,0000,0001,00000,0000,0326,0
03/01/08,15:13:01,0012,0099,0130,0000,0000,0001,00000,0000,0327,0
03/01/08,15:13:02,0012,0099,0130,0000,0000,0001,00000,0000,0328,0
03/01/08,15:13:02,0012,0099,0130,0000,0000,0001,00000,0000,0329,0
03/01/08,15:13:03,0012,0099,0130,0000,0000,0001,00000,0000,0330,0
03/01/08,15:13:04,0012,0099,0130,0000,0000,0001,00000,0000,0331,0
03/01/08,15:13:05,0012,0099,0130,0000,0000,0001,00000,0000,0332,0
03/01/08,15:13:06,0012,0099,0130,0000,0000,0001,00000,0000,0333,0
03/01/08,15:13:07,0012,0099,0130,0000,0000,0001,00000,0000,0334,0
03/01/08,15:13:08,0012,0099,0130,0000,0000,0001,00000,0000,0335,0
03/01/08,15:13:08,0012,0099,0130,0000,0000,0001,00000,0000,0336,0
03/01/08,15:13:09,0012,0099,0130,0000,0000,0001,00000,0000,0337,0
03/01/08,15:13:10,0012,0099,0130,0000,0000,0001,00000,0000,0338,0
03/01/08,15:13:11,0012,0099,0130,0000,0000,0001,00000,0000,0339,0
03/01/08,15:13:11,0012,0099,0130,0000,0000,0001,00000,0000,0340,0
03/01/08,15:13:12,0012,0099,0130,0000,0000,0001,00000,0000,0341,0
03/01/08,15:13:13,0012,0099,0130,0000,0000,0001,00000,0000,0342,0
03/01/08,15:13:14,0012,0099,0130,0000,0000,0001,00000,0000,0343,0
03/01/08,15:13:14,0012,0099,0130,0000,0000,0001,00000,0000,0344,0
03/01/08,15:13:15,0012,0099,0130,0000,0000,0001,00000,0000,0345,0
03/01/08,15:13:15,0012,0099,0130,0000,0000,0001,00000,0000,0346,0
03/01/08,15:13:16,0012,0099,0130,0000,0000,0001,00000,0000,0347,0
03/01/08,15:13:17,0012,0099,0130,0000,0000,0001,00000,0000,0348,0
03/01/08,15:13:17,0012,0099,0130,0000,0000,0001,00000,0000,0349,0
03/01/08,15:13:19,0012,0099,0130,0000,0000,0001,00000,0000,0350,0
03/01/08,15:13:20,0012,0099,0130,0000,0000,0001,00000,0000,0351,0
03/01/08,15:13:20,0012,0099,0130,0000,0000,0001,00000,0000,0352,0
03/01/08,15:13:21,0012,0099,0130,0000,0000,0001,00000,0000,0353,0
03/01/08,15:13:21,0012,0099,0130,0000,0000,0001,00000,0000,0354,0
03/01/08,15:13:22,0012,0099,0130,0000,0000,0001,00000,0000,0355,0
03/01/08,15:13:23,0012,0099,0130,0000,0000,0001,00000,0000,0356,0
03/01/08,15:13:23,0012,0099,0130,0000,0000,0001,00000,0000,0357,0
03/01/08,15:13:24,0012,0099,0130,0000,0000,0001,00000,0000,0358,0
03/01/08,15:13:26,0012,0099,0130,0000,0000,0001,00000,0000,0359,0
03/01/08,15:13:26,0012,0099,0130,0000,0000,0001,00000,0000,0360,0
03/01/08,15:13:27,0012,0099,0130,0000,0000,0001,00000,0000,0361,0
03/01/08,15:13:27,0012,0099,0130,0000,0000,0001,00000,0000,0362,0
03/01/08,15:13:28,0012,0099,0130,0000,0000,0001,00000,0000,0363,0
03/01/08,15:13:29,0012,0099,0130,0000,0000,0001,00000,0000,0364,0
03/01/08,15:13:30,0012,0099,0130,0000,0000,0001,00000,0000,0365,0
03/01/08,15:13:30,0012,0099,0130,0000,0000,0001,00000,0000,0366,0
03/01/08,15:13:31,0012,0099,0130,0000,0000,0001,00000,0000,0367,0
03/01/08,15:13:32,0012,0099,0130,0000,0000,0001,00000,0000,0368,0
03/01/08,15:13:34,0012,0099,0130,0000,0000,0001,00000,0000,0369,0
03/01/08,15:13:34,0012,0099,0130,0000,0000,0001,00000,0000,0370,0
03/01/08,15:13:35,0012,0099,0130,0000,0000,0001,00000,0000,0371,0
03/01/08,15:13:35,0012,0099,0130,0000,0000,0001,00000,0000,0372,0
03/01/08,15:13:36,0012,0099,0130,0000,0000,0001,00000,0000,0373,0
03/01/08,15:13:36,0012,0099,0130,0000,0000,0001,00000,0000,0374,0
03/01/08,15:13:37,0012,0099,0130,0000,0000,0001,00000,0000,0375,0
03/01/08,15:13:38,0012,0099,0130,0000,0000,0001,00000,0000,0376,0
03/01/08,15:13:39,0012,0099,0130,0000,0000,0001,00000,0000,0377,0
03/01/08,15:13:39,0012,0099,0130,0000,0000,0001,00000,0000,0378,0
03/01/08,15:13:40,0012,0099,0130,0000,0000,0001,00000,0000,0379,0
03/01/08,15:13:40,0012,0099,0130,0000,0000,0001,00000,0000,0380,0
03/01/08,15:13:41,0012,0099,0130,0000,0000,0001,00000,0000,0381,0
03/01/08,15:13:42,0012,0099,0130,0000,0000,0001,00000,0000,0382,0
03/01/08,15:13:43,0012,0099,0130,0000,0000,0001,00000,0000,0383,0
03/01/08,15:13:43,0012,0099,0130,0000,0000,0001,00000,0000,0384,0
03/01/08,15:13:44,0012,0099,0130,0000,0000,0001,00000,0000,0385,0
03/01/08,15:13:45,0012,0099,0130,0000,0000,0001,00000,0000,0386,0
03/01/08,15:13:46,0012,0099,0130,0000,0000,0001,00000,0000,0387,0
03/01/08,15:13:46,0012,0099,0130,0000,0000,0001,00000,0000,0388,0
03/01/08,15:13:47,0012,0099,0130,0000,0000,0001,00000,0000,0389,0
03/01/08,15:13:47,0012,0099,0130,0000,0000,0001,00000,0000,0390,0
03/01/08,15:13:48,0012,0099,0130,0000,0000,0001,00000,0000,0391,0
03/01/08,15:13:49,0012,0099,0130,0000,0000,0001,00000,0000,0392,0
03/01/08,15:13:50,0012,0099,0130,0000,0000,0001,00000,0000,0393,0
03/01/08,15:13:51,0012,0099,0130,0000,0000,0001,00000,0000,0394,0
03/01/08,15:13:52,0012,0099,0130,0000,0000,0001,00000,0000,0395,0
03/01/08,15:13:53,0012,0099,0130,0000,0000,0001,00000,0000,0396,0
03/01/08,15:13:54,0012,0099,0130,0000,0000,0001,00000,0000,0397,0
03/01/08,15:13:55,0012,0099,0130,0000,0000,0001,00000,0000,0398,0
03/01/08,15:13:55,0012,0099,0130,0000,0000,0001,00000,0000,0399,0
03/01/08,15:13:56,0012,0099,0130,0000,0000,0001,00000,0000,0400,0
03/01/08,15:13:57,0012,0099,0130,0000,0000,0001,00000,0000,0401,0
03/01/08,15:13:58,0012,0099,0130,0000,0000,0001,00000,0000,0402,0
03/01/08,15:13:59,0012,0099,0130,0000,0000,0001,00000,0000,0403,0
03/01/08,15:14:00,0012,0099,0130,0000,0000,0001,00000,0000,0404,0
03/01/08,15:14:00,0012,0099,0130,0000,0000,0001,00000,0000,0405,0
03/01/08,15:14:01,0012,0099,0130,0000,0000,0001,00000,0000,0406,0
03/01/08,15:14:02,0012,0099,0130,0000,0000,0001,00000,0000,0407,0
03/01/08,15:14:02,0012,0099,0130,0000,0000,0001,00000,0000,0408,0
03/01/08,15:14:03,0012,0099,0130,0000,0000,0001,00000,0000,0409,0
03/01/08,15:14:04,0012,0099,0130,0000,0000,0001,00000,0000,0410,0
03/01/08,15:14:05,0012,0099,0130,0000,0000,0001,00000,0000,0411,0
03/01/08,15:14:06,0012,0099,0130,0000,0000,0001,00000,0000,0412,0
03/01/08,15:14:06,0012,0099,0130,0000,0000,0001,00000,0000,0413,0
03/01/08,15:14:07,0012,0099,0130,0000,0000,0001,00000,0000,0414,0
03/01/08,15:14:08,0012,0099,0130,0000,0000,0001,00000,0000,0415,0
03/01/08,15:14:09,0012,0099,0130,0000,0000,0001,00000,0000,0416,0
03/01/08,15:14:10,0012,0099,0130,0000,0000,0001,00000,0000,0417,0
03/01/08,15:14:11,0012,0099,0130,0000,0000,0001,00000,0000,0418,0
03/01/08,15:14:12,0012,0099,0130,0000,0000,0001,00000,0000,0419,0
03/01/08,15:14:13,0012,0099,0130,0000,0000,0001,00000,0000,0420,0
03/01/08,15:14:13,0012,0099,0130,0000,0000,0001,00000,0000,0421,0
03/01/08,15:14:14,0012,0099,0130,0000,0000,0001,00000,0000,0422,0
03/01/08,15:14:15,0012,0099,0130,0000,0000,0001,00000,0000,0423,0
03/01/08,15:14:15,0012,0099,0130,0000,0000,0001,00000,0000,0424,0
03/01/08,15:14:16,0012,0099,0130,0000,0000,0001,00000,0000,0425,0
03/01/08,15:14:17,0012,0099,0130,0000,0000,0001,00000,0000,0426,0
03/01/08,15:14:17,0012,0099,0130,0000,0000,0001,00000,0000,0427,0
03/01/08,15:14:18,0012,0099,0130,0000,0000,0001,00000,0000,0428,0
03/01/08,15:14:19,0012,0099,0130,0000,0000,0001,00000,0000,0429,0
03/01/08,15:14:20,0012,0099,0130,0000,0000,0001,00000,0000,0430,0
03/01/08,15:14:20,0012,0099,0130,0000,0000,0001,00000,0000,0431,0
03/01/08,15:14:22,0012,0099,0130,0000,0000,0001,00000,0000,0432,0
03/01/08,15:14:23,0012,0099,0130,0000,0000,0001,00000,0000,0433,0
03/01/08,15:14:24,0012,0099,0130,0000,0000,0001,00000,0000,0434,0
03/01/08,15:14:24,0012,0099,0130,0000,0000,0001,00000,0000,0435,0
03/01/08,15:14:25,0012,0099,0130,0000,0000,0001,00000,0000,0436,0
03/01/08,15:14:26,0012,0099,0130,0000,0000,0001,00000,0000,0437,0
03/01/08,15:14:26,0012,0099,0130,0000,0000,0001,00000,0000,0438,0
03/01/08,15:14:27,0012,0099,0130,0000,0000,0001,00000,0000,0439,0
03/01/08,15:14:27,0012,0099,0130,0000,0000,0001,00000,0000,0440,0
03/01/08,15:14:28,0012,0099,0130,0000,0000,0001,00000,0000,0441,0
03/01/08,15:14:29,0012,0099,0130,0000,0000,0001,00000,0000,0442,0
03/01/08,15:14:30,0012,0099,0130,0000,0000,0001,00000,0000,0443,0
03/01/08,15:14:31,0012,0099,0130,0000,0000,0001,00000,0000,0444,0
03/01/08,15:14:31,0012,0099,0130,0000,0000,0001,00000,0000,0445,0
03/01/08,15:14:32,0012,0099,0130,0000,0000,0001,00000,0000,0446,0
03/01/08,15:14:32,0012,0099,0130,0000,0000,0001,00000,0000,0447,0
03/01/08,15:14:33,0012,0099,0130,0000,0000,0001,00000,0000,0448,0
03/01/08,15:14:34,0012,0099,0130,0000,0000,0001,00000,0000,0449,0
03/01/08,15:14:35,0012,0099,0130,0000,0000,0001,00000,0000,0450,0
03/01/08,15:14:35,0012,0099,0130,0000,0000,0001,00000,0000,0451,0
03/01/08,15:14:36,0012,0099,0130,0000,0000,0001,00000,0000,0452,0
03/01/08,15:14:37,0012,0099,0130,0000,0000,0001,00000,0000,0453,0
03/01/08,15:14:38,0012,0099,0130,0000,0000,0001,00000,0000,0454,0
03/01/08,15:14:38,0012,0099,0130,0000,0000,0001,00000,0000,0455,0
03/01/08,15:14:39,0012,0099,0130,0000,0000,0001,00000,0000,0456,0
03/01/08,15:14:40,0012,0099,0130,0000,0000,0001,00000,0000,0457,0
03/01/08,15:14:41,0012,0099,0130,0000,0000,0001,00000,0000,0458,0
03/01/08,15:14:42,0012,0099,0130,0000,0000,0001,00000,0000,0459,0
03/01/08,15:14:43,0012,0099,0130,0000,0000,0001,00000,0000,0460,0
03/01/08,15:14:43,0012,0099,0130,0000,0000,0001,00000,0000,0461,0
03/01/08,15:14:44,0012,0099,0130,0000,0000,0001,00000,0000,0462,0
03/01/08,15:14:44,0012,0099,0130,0000,0000,0001,00000,0000,0463,0
03/01/08,15:14:52,0012,0099,0130,0000,0000,0001,00000,0000,0464,0
03/01/08,15:17:01,0012,0099,0130,0000,0000,0001,00000,0000,0464,0
03/01/08,15:21:11,0012,0099,0130,0000,0000,0001,00000,0000,0464,0
03/01/08,15:21:13,0012,0099,0130,0000,0000,0001,00000,0000,0465,0
03/01/08,15:21:14,0012,0099,0130,0000,0000,0001,00000,0000,0466,0
03/01/08,15:21:14,0012,0099,0130,0000,0000,0001,00000,0000,0467,0
03/01/08,15:21:15,0012,0099,0130,0000,0000,0001,00000,0000,0468,0
03/01/08,15:21:16,0012,0099,0130,0000,0000,0001,00000,0000,0469,0
03/01/08,15:21:17,0012,0099,0130,0000,0000,0001,00000,0000,0470,0
03/01/08,15:21:17,0012,0099,0130,0000,0000,0001,00000,0000,0471,0
03/01/08,15:21:18,0012,0099,0130,0000,0000,0001,00000,0000,0472,0
03/01/08,15:21:19,0012,0099,0130,0000,0000,0001,00000,0000,0473,0
03/01/08,15:21:19,0012,0099,0130,0000,0000,0001,00000,0000,0474,0
03/01/08,15:21:20,0012,0099,0130,0000,0000,0001,00000,0000,0475,0
03/01/08,15:21:21,0012,0099,0130,0000,0000,0001,00000,0000,0476,0
03/01/08,15:21:22,0012,0099,0130,0000,0000,0001,00000,0000,0477,0
03/01/08,15:21:23,0012,0099,0130,0000,0000,0001,00000,0000,0478,0
03/01/08,15:21:24,0012,0099,0130,0000,0000,0001,00000,0000,0479,0
03/01/08,15:21:24,0012,0099,0130,0000,0000,0001,00000,0000,0480,0
03/01/08,15:21:25,0012,0099,0130,0000,0000,0001,00000,0000,0481,0
03/01/08,15:21:26,0012,0099,0130,0000,0000,0001,00000,0000,0482,0
03/01/08,15:21:27,0012,0099,0130,0000,0000,0001,00000,0000,0483,0
03/01/08,15:21:27,0012,0099,0130,0000,0000,0001,00000,0000,0484,0
03/01/08,15:21:28,0012,0099,0130,0000,0000,0001,00000,0000,0485,0
03/01/08,15:22:48,0012,0099,0130,0000,0000,0001,00000,0000,0486,0
03/01/08,15:22:48,0012,0099,0130,0000,0000,0001,00000,0000,0487,0
03/01/08,15:22:49,0012,0099,0130,0000,0000,0001,00000,0000,0488,0
03/01/08,15:22:50,0012,0099,0130,0000,0000,0001,00000,0000,0489,0
03/01/08,15:22:51,0012,0099,0130,0000,0000,0001,00000,0000,0490,0
03/01/08,15:22:52,0012,0099,0130,0000,0000,0001,00000,0000,0491,0
03/01/08,15:22:52,0012,0099,0130,0000,0000,0001,00000,0000,0492,0
03/01/08,15:22:53,0012,0099,0130,0000,0000,0001,00000,0000,0493,0
03/01/08,15:22:55,0012,0099,0130,0000,0000,0001,00000,0000,0494,0
03/01/08,15:22:56,0012,0099,0130,0000,0000,0001,00000,0000,0495,0
03/01/08,15:22:56,0012,0099,0130,0000,0000,0001,00000,0000,0496,0
03/01/08,15:22:57,0012,0099,0130,0000,0000,0001,00000,0000,0497,0
03/01/08,15:22:57,0012,0099,0130,0000,0000,0001,00000,0000,0498,0
03/01/08,15:22:58,0012,0099,0130,0000,0000,0001,00000,0000,0499,0
03/01/08,15:23:00,0012,0099,0130,0000,0000,0001,00000,0000,0500,0
03/01/08,15:23:01,0012,0099,0130,0000,0000,0001,00000,0000,0501,0
03/01/08,15:23:01,0012,0099,0130,0000,0000,0001,00000,0000,0502,0
03/01/08,15:23:02,0012,0099,0130,0000,0000,0001,00000,0000,0503,0
03/01/08,15:23:03,0012,0099,0130,0000,0000,0001,00000,0000,0504,0
03/01/08,15:23:03,0012,0099,0130,0000,0000,0001,00000,0000,0505,0
03/01/08,15:23:04,0012,0099,0130,0000,0000,0001,00000,0000,0506,0
03/01/08,15:23:05,0012,0099,0130,0000,0000,0001,00000,0000,0507,0
03/01/08,15:23:06,0012,0099,0130,0000,0000,0001,00000,0000,0508,0
03/01/08,15:23:06,0012,0099,0130,0000,0000,0001,00000,0000,0509,0
03/01/08,15:23:07,0012,0099,0130,0000,0000,0001,00000,0000,0510,0
03/01/08,15:23:08,0012,0099,0130,0000,0000,0001,00000,0000,0511,0
03/01/08,15:23:09,0012,0099,0130,0000,0000,0001,00000,0000,0512,0
03/01/08,15:23:09,0012,0099,0130,0000,0000,0001,00000,0000,0513,0
03/01/08,15:23:10,0012,0099,0130,0000,0000,0001,00000,0000,0514,0
03/01/08,15:23:10,0012,0099,0130,0000,0000,0001,00000,0000,0515,0
03/01/08,15:23:11,0012,0099,0130,0000,0000,0001,00000,0000,0516,0
03/01/08,15:23:12,0012,0099,0130,0000,0000,0001,00000,0000,0517,0
03/01/08,15:23:12,0012,0099,0130,0000,0000,0001,00000,0000,0518,0
03/01/08,15:23:13,0012,0099,0130,0000,0000,0001,00000,0000,0519,0
03/01/08,15:23:13,0012,0099,0130,0000,0000,0001,00000,0000,0520,0
03/01/08,15:23:14,0012,0099,0130,0000,0000,0001,00000,0000,0521,0
03/01/08,15:23:14,0012,0099,0130,0000,0000,0001,00000,0000,0522,0
03/01/08,15:23:15,0012,0099,0130,0000,0000,0001,00000,0000,0523,0
03/01/08,15:23:16,0012,0099,0130,0000,0000,0001,00000,0000,0524,0
03/01/08,15:23:17,0012,0099,0130,0000,0000,0001,00000,0000,0525,0
03/01/08,15:23:17,0012,0099,0130,0000,0000,0001,00000,0000,0526,0
03/01/08,15:23:18,0012,0099,0130,0000,0000,0001,00000,0000,0527,0
03/01/08,15:23:19,0012,0099,0130,0000,0000,0001,00000,0000,0528,0
03/01/08,15:23:20,0012,0099,0130,0000,0000,0001,00000,0000,0529,0
03/01/08,15:23:20,0012,0099,0130,0000,0000,0001,00000,0000,0530,0
03/01/08,15:23:38,0012,0099,0130,0000,0000,0001,00000,0000,0531,0
03/01/08,15:46:35,0012,0099,0130,0000,0000,0001,00000,0000,0531,0
03/01/08,15:46:35,0012,0099,0130,0000,0000,0001,00000,0000,0532,0
03/01/08,15:46:36,0012,0099,0130,0000,0000,0001,00000,0000,0533,0
03/01/08,15:46:37,0012,0099,0130,0000,0000,0001,00000,0000,0534,0
03/01/08,15:46:37,0012,0099,0130,0000,0000,0001,00000,0000,0535,0
03/01/08,15:46:38,0012,0099,0130,0000,0000,0001,00000,0000,0536,0
03/01/08,15:46:38,0012,0099,0130,0000,0000,0001,00000,0000,0537,0
03/01/08,15:46:40,0012,0099,0130,0000,0000,0001,00000,0000,0538,0
03/01/08,15:46:41,0012,0099,0130,0000,0000,0001,00000,0000,0539,0
03/01/08,15:46:42,0012,0099,0130,0000,0000,0001,00000,0000,0540,0
03/01/08,15:46:42,0012,0099,0130,0000,0000,0001,00000,0000,0541,0
03/01/08,15:46:43,0012,0099,0130,0000,0000,0001,00000,0000,0542,0
03/01/08,15:46:44,0012,0099,0130,0000,0000,0001,00000,0000,0543,0
03/01/08,15:46:45,0012,0099,0130,0000,0000,0001,00000,0000,0544,0
03/01/08,15:46:45,0012,0099,0130,0000,0000,0001,00000,0000,0545,0
03/01/08,15:46:46,0012,0099,0130,0000,0000,0001,00000,0000,0546,0
03/01/08,15:46:47,0012,0099,0130,0000,0000,0001,00000,0000,0547,0
03/01/08,15:46:48,0012,0099,0130,0000,0000,0001,00000,0000,0548,0
03/01/08,15:46:49,0012,0099,0130,0000,0000,0001,00000,0000,0549,0
03/01/08,15:46:50,0012,0099,0130,0000,0000,0001,00000,0000,0550,0
03/01/08,15:46:51,0012,0099,0130,0000,0000,0001,00000,0000,0551,0
03/01/08,15:46:53,0012,0099,0130,0000,0000,0001,00000,0000,0552,0
03/01/08,15:46:53,0012,0099,0130,0000,0000,0001,00000,0000,0553,0
03/01/08,15:46:54,0012,0099,0130,0000,0000,0001,00000,0000,0554,0
03/01/08,15:46:54,0012,0099,0130,0000,0000,0001,00000,0000,0555,0
03/01/08,15:46:55,0012,0099,0130,0000,0000,0001,00000,0000,0556,0
03/01/08,15:46:56,0012,0099,0130,0000,0000,0001,00000,0000,0557,0
03/01/08,15:47:42,0012,0099,0130,0000,0000,0001,00000,0000,0558,0
03/01/08,16:03:52,0012,0011,0130,0000,0000,0001,00000,0000,0559,0
03/01/08,16:04:58,0012,0001,0130,0000,0000,0001,00000,0000,0560,0
03/01/08,16:05:54,0012,0011,0130,0000,0000,0001,00000,0000,0561,0
03/01/08,16:24:59,0012,0011,0130,0000,0000,0001,00000,0000,0562,0
